                0037980101|	         XMM_LSS_1|	          35.66667	          -3.833333
                0037980201|	         XMM_LSS_2|	                36	          -3.833333
                0037980301|	         XMM_LSS_3|	          36.33333	          -3.833333
                0037980401|	         XMM_LSS_4|	          36.66666	          -3.833333
                0037980501|	         XMM_LSS_5|	         37.000005	          -3.833333
                0037980601|	         XMM_LSS_6|	         35.500005	               -3.5
                0037980701|	         XMM_LSS_7|	         35.833335	               -3.5
                0037980801|	         XMM_LSS_8|	         36.166665	               -3.5
                0037980901|	         XMM_LSS_9|	         36.499995	               -3.5
                0037981001|	        XMM_LSS_10|	          36.83334	               -3.5
                0037981101|	        XMM_LSS_11|	          35.66667	          -3.166667
                0037981201|	        XMM_LSS_12|	                36	          -3.166667
                0037981301|	        XMM_LSS_13|	          36.33333	          -3.166667
                0037981401|	        XMM_LSS_14|	          36.66666	          -3.166667
                0037981501|	        XMM_LSS_15|	         37.000005	          -3.166667
                0037981601|	        XMM_LSS_16|	         35.833335	          -2.833333
                0037981701|	        XMM_LSS_17|	         36.166665	          -2.833333
                0037981801|	        XMM_LSS_18|	         36.499995	          -2.833333
                0037981901|	        XMM_LSS_19|	          36.83334	          -2.833333
                0037982001|	        XMM_LSS_20|	         35.166675	          -4.833333
                0037982101|	        XMM_LSS_21|	          35.33334	               -4.5
                0037982201|	        XMM_LSS_22|	         35.500005	          -4.166667
                0037982301|	        XMM_LSS_23|	         34.999995	               -4.5
                0037982401|	        XMM_LSS_24|	         35.166675	          -4.166667
                0037982501|	        XMM_LSS_25|	          35.33334	          -3.833333
                0037982601|	        XMM_LSS_26|	         35.166675	               -3.5
                0037982701|	        XMM_LSS_27|	          35.33334	          -3.166667
                0037982901|	        XMM_LSS_13|	          36.33333	          -3.166667
                0037983001|	        XMM_LSS_17|	         36.166665	          -2.833333
                0404960101|	         XMM-LSS_4|	          36.66666	          -3.833333
                0404960201|	        XMM-LSS_13|	          36.33333	          -3.166667
                0404960301|	        XMM-LSS_17|	         36.166665	          -2.833333
                0404960401|	        XMM-LSS_32|	         35.500005	               -5.5
                0404960501|	         XMDS_OM_4|	         36.166665	          -4.833333
                0404960601|	        XMM-LSS_22|	         35.500005	          -4.166667
                0404964701|	        XMM-LSS_33|	          37.16667	               -5.5
                0404964801|	        XMM-LSS_34|	          36.83334	               -5.5
                0404964901|	        XMM-LSS_35|	         36.499995	               -5.5
                0404965001|	        XMM-LSS_36|	         36.166665	               -5.5
                0404965101|	        XMM-LSS_37|	         35.833335	               -5.5
                0404965201|	        XMM-LSS_38|	          36.33333	          -5.833333
                0404965301|	        XMM-LSS_39|	                36	          -5.833333
                0404965401|	        XMM-LSS_40|	          35.66667	          -5.833333
                0404965501|	        XMM-LSS_41|	          35.33334	          -5.833333
                0404965601|	        XMM-LSS_42|	         34.999995	          -5.833333
                0404965701|	        XMM-LSS_43|	         34.666665	          -5.833333
                0404965801|	        XMM-LSS_44|	         34.333335	          -5.833333
                0404965901|	        XMM-LSS_45|	         35.166675	          -6.166667
                0404966001|	        XMM-LSS_46|	          34.83333	          -6.166667
                0404966101|	        XMM-LSS_47|	              34.5	          -6.166667
                0404966201|	        XMM-LSS_48|	          34.16667	          -6.166667
                0404966301|	        XMM-LSS_49|	          34.83333	          -5.583333
                0404966401|	        XMM-LSS_50|	              34.5	          -5.583333
                0404966501|	        XMM-LSS_51|	          34.08333	          -5.583333
                0404966601|	        XMM-LSS_52|	          35.03334	          -5.216667
                0404966701|	        XMM-LSS_53|	         33.916665	              -5.25
                0404966801|	        XMM-LSS_54|	         33.874995	          -4.833333
                0404966901|	        XMM-LSS_55|	         34.666665	          -4.416667
                0404967001|	        XMM-LSS_56|	         34.333335	          -4.416667
                0404967101|	        XMM-LSS_57|	         34.000005	               -4.5
                0404967201|	        XMM-LSS_58|	          33.66666	               -4.5
                0404967301|	        XMM-LSS_59|	          34.83333	          -4.166667
                0404967401|	        XMM-LSS_60|	              34.5	          -4.166667
                0404967501|	        XMM-LSS_61|	          34.16667	          -4.166667
                0404967601|	        XMM-LSS_62|	          33.83334	          -4.166667
                0404967701|	        XMM-LSS_63|	         34.999995	          -3.833333
                0404967801|	        XMM-LSS_64|	         34.666665	          -3.833333
                0404967901|	        XMM-LSS_65|	         34.333335	          -3.833333
                0404968001|	        XMM-LSS_66|	         34.000005	          -3.833333
                0404968101|	        XMM-LSS_67|	          33.66666	          -3.833333
                0404968201|	        XMM-LSS_68|	          34.83333	               -3.5
                0404968301|	        XMM-LSS_69|	              34.5	               -3.5
                0404968401|	        XMM-LSS_70|	          34.16667	               -3.5
                0404968501|	        XMM-LSS_71|	          33.83334	               -3.5
                0404968601|	        XMM-LSS_72|	         33.499995	               -3.5
                0404968701|	        XMM-LSS_35|	         36.499995	               -5.5
                0404968901|	        XMM-LSS_40|	          35.66667	          -5.833333
                0404969101|	        XMM-LSS_47|	              34.5	          -6.166667
                0404969201|	        XMM-LSS_35|	         36.499995	               -5.5
                0404969301|	        XMM-LSS_67|	          33.66666	          -3.833333
                0553910101|	        XMM-LSS_04|	          36.66666	          -3.833333
                0553910201|	        XMM-LSS_13|	          36.33333	          -3.166667
                0553910301|	        XMM-LSS_17|	         36.166665	          -2.833333
                0553910401|	        XMM-LSS_35|	         36.499995	               -5.5
                0553910501|	        XMM-LSS_36|	         36.166665	               -5.5
                0553910601|	        XMM-LSS_37|	         35.833335	               -5.5
                0553910701|	        XMM-LSS_41|	          35.33334	          -5.833333
                0553910801|	        XMM-LSS_42|	         34.999995	          -5.833333
                0553910901|	        XMM-LSS_44|	         34.333335	          -5.833333
                0553911001|	        XMM-LSS_45|	         35.166675	          -6.166667
                0553911101|	        XMM-LSS_46|	          34.83333	          -6.166667
                0553911201|	        XMM-LSS_47|	              34.5	          -6.166667
                0553911301|	        XMM-LSS_50|	              34.5	          -5.583333
                0553911401|	        XMM-LSS_58|	          33.66666	               -4.5
                0553911501|	        XMM-LSS_55|	         34.666665	          -4.416667
                0553911601|	        XMM-LSS_61|	          34.16667	          -4.166667
                0553911701|	        XMM-LSS_67|	          33.66666	          -3.833333
                0553911801|	        XMM-LSS_68|	          34.83333	               -3.5
                0553911901|	        XMM-LSS_70|	          34.16667	               -3.5
                0553912001|	        XMM-LSS_58|	          33.66666	               -4.5
                0553912101|	        XMM-LSS_45|	         35.166675	          -6.166667
                0553912201|	        XMM-LSS_47|	              34.5	          -6.166667
                0677580101|	           XXLn001|	         37.189995	             -4.185
                0677580131|	           XXLn001|	         37.168667	         -4.1665833
                0677580132|	           XXLn001|	         37.334042	         -4.5003333
                0677580133|	           XXLn001|	         37.502333	         -4.1673056
                0677580134|	           XXLn001|	           37.6685	         -4.5002778
                0677580135|	           XXLn001|	         37.836208	         -4.1660833
                0677580136|	           XXLn001|	         38.002458	         -4.5009722
                0677580137|	           XXLn001|	         38.170583	         -4.1671389
                0677580138|	           XXLn001|	         38.339125	         -4.4998611
                0677580139|	           XXLn001|	         38.505625	         -4.1658889
                0677580140|	           XXLn001|	         38.670625	         -4.5027778
                0677590101|	           XXLn011|	         37.190415	          -4.851111
                0677590131|	           XXLn011|	         37.173667	           -4.82725
                0677590132|	           XXLn011|	         37.293542	         -5.1273611
                0677590133|	           XXLn011|	         37.505292	         -4.8312778
                0677590134|	           XXLn011|	         37.622958	         -5.1317778
                0677590135|	           XXLn011|	          37.83775	         -4.8335833
                0677590136|	           XXLn011|	         37.956708	         -5.1333056
                0677590137|	           XXLn011|	         38.170625	         -4.8344167
                0677590138|	           XXLn011|	         38.290917	         -5.1341111
                0677590139|	           XXLn011|	         38.505792	         -4.8334722
                0677590140|	           XXLn011|	         38.624458	         -5.1336944
                0677600101|	           XXLn031|	          36.64416	          -5.818611
                0677600131|	           XXLn031|	         36.619583	         -5.8041111
                0677600132|	           XXLn031|	         36.954417	         -5.8045556
                0677600133|	           XXLn031|	         37.289583	         -5.8041944
                0677600134|	           XXLn031|	         37.452458	         -5.4707778
                0677600135|	           XXLn031|	          37.62375	         -5.8041111
                0677600136|	           XXLn031|	         37.786958	         -5.4718611
                0677600137|	           XXLn031|	         37.959542	         -5.8044167
                0677600138|	           XXLn031|	         38.122625	         -5.4714444
                0677600139|	           XXLn031|	         38.296667	         -5.8021389
                0677600140|	           XXLn031|	         38.457458	         -5.4718056
                0677600141|	           XXLn031|	         38.628542	         -5.8040278
                0677610101|	           XXLn032|	         33.523335	             -4.185
                0677610131|	           XXLn032|	         33.548083	         -4.1995833
                0677610132|	           XXLn032|	         33.212875	         -4.2001944
                0677610133|	           XXLn032|	         32.878917	         -4.1991667
                0677610134|	           XXLn032|	           32.5445	         -4.1993611
                0677610135|	           XXLn032|	         32.210292	         -4.2001944
                0677610136|	           XXLn032|	         31.875875	         -4.1993056
                0677610137|	           XXLn032|	         31.541667	           -4.20075
                0677610138|	           XXLn032|	          31.20825	         -4.1999167
                0677610139|	           XXLn032|	         30.874458	         -4.1999722
                0677610140|	           XXLn032|	         30.539417	         -4.2001111
                0677620101|	           XXLn052|	         33.307035	          -4.518889
                0677620131|	           XXLn052|	         33.331333	         -4.5346667
                0677620132|	           XXLn052|	            32.997	         -4.5346389
                0677620133|	           XXLn052|	         32.662583	         -4.5346667
                0677620134|	           XXLn052|	         32.328458	         -4.5347778
                0677620135|	           XXLn052|	         31.659643	         -4.5343611
                0677620136|	           XXLn052|	         31.993125	           -4.53475
                0677620137|	           XXLn052|	         31.324917	         -4.5347222
                0677620138|	           XXLn052|	          30.99125	         -4.5344722
                0677620139|	           XXLn052|	         30.656542	         -4.5345556
                0677620140|	           XXLn052|	          30.32175	            -4.5345
                0677621101|	           XXLn052|	         33.307035	          -4.518889
                0677630101|	           XXLn053|	         33.565005	          -4.873333
                0677630131|	           XXLn053|	         33.540792	         -4.8585833
                0677630132|	           XXLn053|	         32.871375	         -4.8342778
                0677630133|	           XXLn053|	         32.537042	         -4.8355833
                0677630134|	           XXLn053|	         32.202792	         -4.8354167
                0677630135|	           XXLn053|	         31.868042	         -4.8359167
                0677630136|	           XXLn053|	         31.533667	             -4.836
                0677630137|	           XXLn053|	         31.199333	         -4.8359444
                0677630138|	           XXLn053|	         30.864875	         -4.8355833
                0677630139|	           XXLn053|	         30.530167	         -4.8356111
                0677631201|	           XXLn053|	         33.565005	          -4.873333
                0677631231|	           XXLn053|	         33.541208	         -4.8575278
                0677631232|	           XXLn053|	         33.207125	         -4.8363611
                0677631233|	           XXLn053|	         32.871708	         -4.8354167
                0677631501|	           XXLn055|	         32.895825	          -4.851111
                0677631601|	           XXLn055|	         32.895833	         -4.8511111
                0677640101|	           XXLn073|	          33.24459	          -5.150556
                0677640131|	           XXLn073|	         33.268375	           -5.16625
                0677640132|	           XXLn073|	         32.912208	           -5.16675
                0677640133|	           XXLn073|	         32.576708	         -5.1669444
                0677640134|	           XXLn073|	           32.2415	         -5.1663889
                0677640135|	           XXLn073|	         31.907583	         -5.1664722
                0677640136|	           XXLn073|	         31.573125	         -5.1669444
                0677640137|	           XXLn073|	         31.237708	         -5.1666111
                0677640138|	           XXLn073|	         30.903708	         -5.1668611
                0677640139|	           XXLn073|	         30.568917	         -5.1666111
                0677640140|	           XXLn073|	         30.234458	         -5.1663056
                0677641101|	           XXLn073|	          33.24459	          -5.150556
                0677650101|	           XXLn074|	          33.77163	          -5.563305
                0677650131|	           XXLn074|	         33.748292	         -5.5461111
                0677650132|	           XXLn074|	         33.369333	         -5.4693333
                0677650133|	           XXLn074|	         33.033875	         -5.4694167
                0677650134|	           XXLn074|	           32.6995	         -5.4687778
                0677650135|	           XXLn074|	         32.364458	         -5.4688056
                0677650136|	           XXLn074|	          32.02975	         -5.4680556
                0677650137|	           XXLn074|	         31.694708	         -5.4684444
                0677650138|	           XXLn074|	         31.359417	         -5.4689444
                0677650139|	           XXLn074|	         31.025167	         -5.4693333
                0677650140|	           XXLn074|	         30.690042	         -5.4686667
                0677650141|	           XXLn074|	         30.354792	         -5.4684444
                0677660101|	           XXLn095|	          33.63834	          -5.818611
                0677660201|	           XXLn094|	           33.3033	          -5.818611
                0677660231|	           XXLn094|	         33.279542	         -5.8018611
                0677660232|	           XXLn094|	         32.944958	         -5.8023056
                0677660233|	           XXLn094|	         32.609875	         -5.8023333
                0677660234|	           XXLn094|	         32.274792	         -5.8021944
                0677660235|	           XXLn094|	           31.9395	         -5.8021389
                0677660236|	           XXLn094|	         31.604708	         -5.8026111
                0677660237|	           XXLn094|	         31.269542	         -5.8019444
                0677660238|	           XXLn094|	         30.934583	           -5.80175
                0677660239|	           XXLn094|	         30.600083	         -5.8023889
                0677670101|	           XXLn096|	         33.973335	          -5.818611
                0677670131|	           XXLn096|	         33.997708	           -5.83425
                0677670132|	           XXLn096|	         33.830167	         -6.1647778
                0677670133|	           XXLn096|	         33.494875	         -6.1656944
                0677670134|	           XXLn096|	         33.159917	         -6.1652222
                0677670135|	           XXLn096|	          32.82475	         -6.1653333
                0677670136|	           XXLn096|	          32.48875	         -6.1651111
                0677670137|	           XXLn096|	         32.153375	         -6.1657778
                0677670138|	           XXLn096|	         31.818375	         -6.1656111
                0677670139|	           XXLn096|	         31.482208	         -6.1654167
                0677670140|	           XXLn096|	         31.147625	         -6.1650556
                0677671101|	           XXLn096|	         33.973335	          -5.818611
                0677680101|	           XXLn115|	          32.63334	          -6.482194
                0677680131|	           XXLn115|	            32.658	            -6.4995
                0677680132|	           XXLn115|	            32.319	         -6.4991667
                0677680133|	           XXLn115|	         31.983542	         -6.4998056
                0677680134|	           XXLn115|	         31.648333	         -6.4992778
                0677680135|	           XXLn115|	         31.312417	            -6.4995
                0677680136|	           XXLn115|	         30.977417	         -6.4995278
                0677680137|	           XXLn115|	         30.812167	         -6.1666111
                0677680138|	           XXLn115|	         30.642167	         -6.4993333
                0677680139|	           XXLn115|	         30.476958	         -6.1664722
                0677680140|	           XXLn115|	         30.308833	         -6.4995556
                0677681101|	           XXLn115|	          32.63334	          -6.482194
                0677681201|	           XXLn129|	            31.125	          -7.473055
                0677681231|	           XXLn129|	         31.102708	         -7.4561667
                0677681232|	           XXLn129|	         31.442042	         -7.4548333
                0677681233|	           XXLn129|	         31.779417	         -7.4551944
                0677681234|	           XXLn129|	          31.60275	         -6.4646111
                0677681235|	           XXLn129|	         31.267542	         -6.4643889
                0677681236|	           XXLn129|	         30.932333	         -6.4645278
                0677681237|	           XXLn129|	         30.767167	         -6.1304167
                0677681238|	           XXLn129|	         30.596417	         -6.4638056
                0677681239|	           XXLn129|	         30.430958	         -6.1301944
                0677681240|	           XXLn129|	         30.262833	         -6.4637222
                0677690101|	           XXLn116|	         32.127495	          -6.815556
                0677690131|	           XXLn116|	         32.104583	           -6.79775
                0677690132|	           XXLn116|	         31.934458	         -7.1313611
                0677690133|	           XXLn116|	         31.769292	         -6.7978056
                0677690134|	           XXLn116|	         31.599708	         -7.1303611
                0677690135|	           XXLn116|	          31.43375	         -6.7972222
                0677690136|	           XXLn116|	         31.263125	             -7.131
                0677690137|	           XXLn116|	         31.097917	           -6.79775
                0677690138|	           XXLn116|	         30.927458	         -7.1312222
                0677690139|	           XXLn116|	          30.75825	             -6.799
                0677690140|	           XXLn116|	         30.587292	         -7.1343333
                0677690141|	           XXLn116|	         30.256125	         -7.1404444
                0677700101|	           XXLs001|	         348.49005	          -54.31667
                0677700131|	           XXLs001|	         348.44379	         -54.307556
                0677700132|	           XXLs001|	         348.15292	          -54.05775
                0677700133|	           XXLs001|	         348.68104	         -53.916333
                0677700134|	           XXLs001|	         348.15263	          -53.74975
                0677700135|	           XXLs001|	         348.67629	         -53.607194
                0677700136|	           XXLs001|	         349.19754	         -53.462194
                0677700137|	           XXLs001|	         349.35712	         -53.084222
                0677700138|	           XXLs001|	         348.76625	         -53.274611
                0677700139|	           XXLs001|	         348.66712	         -52.986389
                0677700140|	           XXLs001|	         348.20221	          -53.37875
                0677710101|	           XXLs020|	          351.2946	          -52.55278
                0677710131|	           XXLs020|	         351.25033	         -52.542333
                0677710132|	           XXLs020|	         350.72092	         -52.398722
                0677710133|	           XXLs020|	         350.28033	           -52.5415
                0677710134|	           XXLs020|	         350.31933	         -52.814139
                0677710135|	           XXLs020|	         349.69929	          -52.69075
                0677710136|	           XXLs020|	         349.16363	         -52.810306
                0677710137|	           XXLs020|	         349.17687	         -52.525889
                0677710138|	           XXLs020|	         349.68929	          -52.37775
                0677710139|	           XXLs020|	         350.19779	         -52.225472
                0677710140|	           XXLs020|	         350.70587	         -52.070917
                0677720101|	           XXLs021|	         351.27465	          -52.23889
                0677720131|	           XXLs021|	           351.233	         -52.225639
                0677720132|	           XXLs021|	         351.73954	         -52.380556
                0677720133|	           XXLs021|	         352.24508	         -52.331111
                0677720134|	           XXLs021|	         352.22846	         -52.707722
                0677720135|	           XXLs021|	         352.75671	         -52.411806
                0677720136|	           XXLs021|	         353.31579	         -52.421889
                0677720137|	           XXLs021|	         353.93871	         -52.679611
                0677720138|	           XXLs021|	         354.38921	         -52.494806
                0677720139|	           XXLs021|	         354.39317	         -52.812556
                0677720140|	           XXLs021|	         354.93617	         -52.636889
                0677730101|	           XXLs031|	          355.0209	          -52.96194
                0677730131|	           XXLs031|	         355.06708	         -52.964889
                0677730132|	           XXLs031|	         355.12712	         -53.230167
                0677730133|	           XXLs031|	         355.62162	         -53.103806
                0677730134|	           XXLs031|	         355.57437	         -52.790361
                0677730135|	           XXLs031|	         356.12892	         -52.927083
                0677730136|	           XXLs031|	         356.68579	         -53.059306
                0677730137|	           XXLs031|	         356.13221	         -53.253028
                0677730138|	           XXLs031|	         356.18054	         -53.550667
                0677730139|	           XXLs031|	         356.73896	         -53.371833
                0677730140|	           XXLs031|	         357.30317	         -53.502833
                0677740101|	           XXLs041|	           356.745	          -53.68167
                0677740131|	           XXLs041|	         356.78908	         -53.693083
                0677740132|	           XXLs041|	         356.36046	         -53.877611
                0677740133|	           XXLs041|	         356.82225	         -54.032444
                0677740134|	           XXLs041|	          356.8985	         -54.313583
                0677740135|	           XXLs041|	         356.40675	         -54.518833
                0677740136|	           XXLs041|	         356.95571	         -54.624139
                0677740137|	           XXLs041|	           357.534	         -54.751889
                0677740138|	           XXLs041|	         357.47425	         -54.443611
                0677740139|	           XXLs041|	         357.41579	           -54.1335
                0677740140|	           XXLs041|	         357.35588	         -53.823222
                0677741101|	           XXLs041|	           356.745	          -53.68167
                0677750101|	           XXLs053|	            356.34	          -54.80305
                0677750131|	           XXLs053|	         356.38433	         -54.815861
                0677750132|	           XXLs053|	         356.33754	         -55.097694
                0677750133|	           XXLs053|	         355.98113	         -55.284361
                0677750134|	           XXLs053|	         356.53979	         -55.416833
                0677750135|	           XXLs053|	         357.12646	         -55.546917
                0677750136|	           XXLs053|	         356.99379	         -55.228333
                0677750137|	           XXLs053|	         357.01038	         -54.933028
                0677750138|	           XXLs053|	         357.59358	         -55.061389
                0677750139|	           XXLs053|	         357.65492	         -55.368444
                0677750140|	           XXLs053|	           357.717	         -55.674194
                0677751101|	           XXLs053|	            356.34	          -54.80305
                0677760101|	           XXLs070|	          354.8904	          -55.91611
                0677760131|	           XXLs070|	           354.843	         -55.905861
                0677760132|	           XXLs070|	         354.84854	         -55.613667
                0677760133|	           XXLs070|	         355.20679	         -55.350972
                0677760134|	           XXLs070|	         355.38063	         -55.738083
                0677760135|	           XXLs070|	         355.86546	         -55.554222
                0677760136|	           XXLs070|	         355.96675	         -55.873222
                0677760137|	           XXLs070|	         356.50137	         -55.700472
                0677760138|	           XXLs070|	         356.55687	         -56.006028
                0677760139|	           XXLs070|	         357.09133	         -55.830444
                0677760140|	           XXLs070|	         357.15025	         -56.134972
                0677761101|	           XXLs070|	          354.8904	          -55.91611
                0677761131|	           XXLs070|	        354.891255	         -55.916639
                0677761132|	           XXLs070|	         354.89571	         -55.624444
                0677761133|	           XXLs070|	         355.25367	         -55.361194
                0677770101|	           XXLs078|	          354.4491	          -56.08194
                0677770131|	           XXLs078|	         354.40279	         -56.070639
                0677770132|	           XXLs078|	         354.88858	         -56.209389
                0677770133|	           XXLs078|	         354.93288	         -56.512722
                0677770134|	           XXLs078|	         355.52733	         -56.649389
                0677770135|	           XXLs078|	         355.47812	         -56.345444
                0677770136|	           XXLs078|	         355.42912	         -56.041778
                0677770137|	           XXLs078|	         356.01988	         -56.176639
                0677770138|	           XXLs078|	         356.07204	         -56.480611
                0677770139|	           XXLs078|	         356.61321	         -56.309222
                0677770140|	           XXLs078|	          356.6695	         -56.611667
                0677800101|	           XBCS13b|	          354.2559	          -55.76083
                0677800131|	           XBCS13b|	         354.30617	         -55.763694
                0677800132|	           XBCS13b|	         353.19479	         -56.123611
                0677800133|	           XBCS13b|	         352.51079	         -56.125111
                0677800134|	           XBCS13b|	         351.83013	         -56.125278
                0677800135|	           XBCS13b|	         350.25658	         -55.765083
                0677800136|	           XBCS13b|	         349.18054	         -56.163472
                0677800137|	           XBCS13b|	         349.86275	          -56.16225
                0677800138|	           XBCS13b|	         350.19875	         -56.542333
                0677800139|	           XBCS13b|	         350.88754	          -56.54225
                0677800140|	           XBCS13b|	         351.57683	         -56.541417
                0677800141|	           XBCS13b|	         352.26529	         -56.540306
                0677800142|	           XBCS13b|	         352.95621	         -56.540667
                0677800143|	           XBCS13b|	         353.64371	         -56.539917
                0677850101|	           XXLs069|	         354.89625	          -55.62417
                0677850131|	           XXLs069|	         354.89688	         -55.624333
                0677850132|	           XXLs069|	         354.89016	          -55.91575
                0677850133|	           XXLs069|	         353.91462	         -56.138611
                0677850134|	           XXLs069|	        352.892625	         -55.014639
                0677850135|	           XXLs069|	        351.568995	         -55.011722
                0677850136|	           XXLs069|	         350.24496	          -55.00925
                0677850801|	           XXLs069|	         354.89625	          -55.62417
                0677850901|	           XBCS23b|	          350.2455	             -55.01
                0747190101|	           XXLn073|	         30.568917	 -5.166611111111111
                0747190131|	           XXLn073|	            30.569	 -5.166722222222223
                0747190132|	           XXLn073|	         30.588417	             -7.068
                0747190301|	           XXLn052|	         30.656542	-4.5345555555555555
                0747190331|	           XXLn052|	         30.656375	 -4.534388888888889
                0747190332|	           XXLn052|	         30.689542	 -5.468472222222222
                0747190333|	           XXLn052|	         30.864708	 -4.835055555555555
                0747190601|	       XXLn096-10b|	         31.147625	 -6.165055555555556
                0747190631|	       XXLn096-10b|	         31.147833	           -6.16525
                0747190632|	       XXLn096-10b|	         31.482542	 -6.164555555555556
                0747190801|	           XXLn052|	         31.660042	 -4.534027777777777
                0747190831|	           XXLn052|	         31.659583	 -4.534027777777777
                0747190832|	           XXLn052|	         31.983417	 -6.499666666666667
                0747190833|	           XXLn052|	         32.104958	 -6.798111111111111
                0747190834|	           XXLn052|	         33.208667	 -4.836055555555555
                0747190835|	           XXLn052|	         32.318708	 -6.499194444444445
                0747190836|	           XXLn052|	           32.3645	 -5.468527777777778
                0747190837|	           XXLn052|	         34.506625	 -6.157888888888889
                0747190838|	           XXLn052|	         38.123458	 -5.471583333333333
                0747590101|	       XXLs020-02b|	        350.720917	 -52.39872222222222
                0747590131|	       XXLs020-02b|	        350.720875	 -52.39888888888889
                0747590132|	       XXLs020-02b|	        351.232917	 -52.22536111111111
                0747590133|	       XXLs020-02b|	        351.249958	-52.542138888888886
                0747590134|	       XXLs020-02b|	        351.301792	 -53.87863888888889
                0747590135|	       XXLs020-02b|	        351.739083	          -52.37975
                0747590136|	       XXLs020-02b|	        352.228042	-52.707750000000004
                0747590137|	       XXLs020-02b|	        355.068083	 -52.96447222222223
                0747590801|	       XXLs070-04b|	        355.380625	-55.738083333333336
                0109520101|	          XMDSOM_1|	         35.833335	          -4.166667
                0109520201|	          XMDSOM_2|	          36.83334	          -4.833333
                0109520301|	          XMDSOM_3|	         36.499995	          -4.833333
                0109520401|	          XMDSOM_4|	         36.166665	          -4.833333
                0109520501|	          XMDSOM_5|	         35.833335	          -4.833333
                0109520601|	          XMDSOM_6|	          35.66667	               -4.5
                0109520701|	          XMDSOM_4|	         36.166665	          -4.833333
                0111110101|	        XMDS_SSC_1|	         37.000005	          -5.166667
                0111110201|	        XMDS_SSC_2|	          36.66666	          -5.166667
                0111110301|	        XMDS_SSC_3|	          36.33333	          -5.166667
                0111110401|	        XMDS_SSC_4|	                36	          -5.166667
                0111110501|	        XMDS_SSC_5|	          35.66667	          -5.166667
                0111110601|	        XMDS_SSC_3|	          36.33333	          -5.166667
                0111110701|	        XMDS_SSC_2|	          36.66666	          -5.166667
                0780450101|	         XMM-LSS_A|	         35.831708	 -5.179555555555556
                0780450201|	         XMM-LSS_A|	         35.832167	 -4.910333333333334
                0780450301|	         XMM-LSS_A|	         35.839792	 -4.670222222222223
                0780450401|	         XMM-LSS_A|	         36.087458	 -5.099805555555555
                0780450601|	         XMM-LSS_A|	         36.102583	           -4.59775
                0780450701|	         XMM-LSS_A|	         36.321583	 -4.408722222222223
                0780450801|	         XMM-LSS_A|	           36.3285	 -5.180055555555556
                0785100101|	         XMM-LSS_B|	            34.578	 -4.376305555555555
                0785100201|	         XMM-LSS_B|	         34.644292	 -4.158222222222222
                0785100301|	         XMM-LSS_B|	         34.767583	 -4.384138888888889
                0785100401|	         XMM-LSS_B|	         34.936042	 -4.166333333333334
                0785100501|	         XMM-LSS_B|	         35.066083	 -4.661444444444445
                0785100601|	         XMM-LSS_B|	         35.066708	 -4.414055555555556
                0785100701|	         XMM-LSS_B|	           35.0715	-5.4182500000000005
                0785100801|	         XMM-LSS_B|	         35.087417	-4.8943611111111105
                0785100901|	         XMM-LSS_B|	         35.147542	 -4.159555555555556
                0785101001|	         XMM-LSS_B|	         35.298167	 -5.396944444444444
                0785101101|	         XMM-LSS_B|	         35.342417	 -5.215111111111112
                0785101201|	         XMM-LSS_B|	         35.342833	 -4.960444444444445
                0785101301|	         XMM-LSS_B|	         35.343458	 -4.654805555555556
                0785101401|	         XMM-LSS_B|	         35.373167	 -4.436555555555556
                0785101501|	         XMM-LSS_B|	         35.431958	 -4.160166666666667
                0785101601|	         XMM-LSS_B|	         35.568458	 -5.412027777777778
                0785101701|	         XMM-LSS_B|	         35.620333	 -4.960944444444444
                0785101801|	         XMM-LSS_B|	         35.620792	 -4.677166666666667
                0785101901|	         XMM-LSS_B|	         35.621083	 -4.458861111111111
                0785102001|	         XMM-LSS_B|	         35.658167	 -4.167861111111112
                0785102101|	         XMM-LSS_B|	         35.831417	  -5.40513888888889
                0785102201|	         XMM-LSS_B|	         36.072583	 -5.332666666666666
                0785102301|	         XMM-LSS_B|	            36.321	 -5.405611111111112
                0785102401|	         XMM-LSS_B|	         36.562208	 -5.405694444444444
                0785102501|	         XMM-LSS_B|	         36.825167	-5.3838888888888885
                0112370101|	             SDS-1|	              34.5	               -5.0
                0112370301|	             SDS-2|	         34.900005	               -5.0
                0112370401|	             SDS-3|	         34.699995	          -4.653611
                0112370601|	             SDS-5|	         34.099995	               -5.0
                0112370701|	             SDS-6|	         34.300005	          -5.346389
                0112370801|	             SDS-7|	         34.699995	          -5.346389
                0112370901|	             SDS-1|	              34.5	               -5.0
                0112371001|	             SDS-1|	              34.5	               -5.0
                0112371201|	  SDS-1_CAL_CLOSED|	              34.5	               -5.0
                0112371301|	     SDS-2_c.close|	         34.900005	               -5.0
                0112371401|	         SDS-3_cal|	         34.699995	          -4.653611
                0112371501|	             SDS-3|	         34.699995	          -4.653611
                0112371601|	         SDS-4_cal|	         34.300005	          -4.653611
                0112371701|	             SDS-4|	         34.300005	          -4.653611
                0112371901|	             SDS-5|	         34.099995	               -5.0
                0112372001|	             SDS-4|	         34.300005	          -4.653611
                0112680101|	             MLS-1|	          36.83334	          -4.166667
                0112680201|	             MLS-2|	         36.499995	          -4.166667
                0112680301|	             MLS-3|	         36.166665	          -4.166667
                0112680401|	             MLS-5|	         37.000005	               -4.5
                0112680501|	             MLS-8|	                36	               -4.5
                0112680801|	             MLS-4|	         35.500005	          -4.833333
                0112681001|	             MLS-7|	          36.33333	               -4.5
                0112681101|	             MLS-7|	          36.33333	               -4.5
                0112681301|	             MLS-6|	          36.66666	               -4.5